1.250000000000000069e-02 0.000000000000000000e+00
3.749999999999999861e-02 0.000000000000000000e+00
6.250000000000000000e-02 0.000000000000000000e+00
8.749999999999999445e-02 0.000000000000000000e+00
1.124999999999999889e-01 0.000000000000000000e+00
1.374999999999999833e-01 0.000000000000000000e+00
1.625000000000000056e-01 0.000000000000000000e+00
1.875000000000000000e-01 0.000000000000000000e+00
2.124999999999999944e-01 0.000000000000000000e+00
2.374999999999999889e-01 0.000000000000000000e+00
2.624999999999999556e-01 0.000000000000000000e+00
2.874999999999999778e-01 0.000000000000000000e+00
3.125000000000000000e-01 0.000000000000000000e+00
3.374999999999999667e-01 0.000000000000000000e+00
3.624999999999999889e-01 0.000000000000000000e+00
3.874999999999999556e-01 0.000000000000000000e+00
4.124999999999999778e-01 0.000000000000000000e+00
4.375000000000000000e-01 0.000000000000000000e+00
4.624999999999999667e-01 0.000000000000000000e+00
4.874999999999999889e-01 0.000000000000000000e+00
5.124999999999999556e-01 0.000000000000000000e+00
5.374999999999998668e-01 0.000000000000000000e+00
5.624999999999998890e-01 0.000000000000000000e+00
5.874999999999999112e-01 0.000000000000000000e+00
6.124999999999999334e-01 0.000000000000000000e+00
6.374999999999999556e-01 0.000000000000000000e+00
6.624999999999998668e-01 0.000000000000000000e+00
6.874999999999998890e-01 0.000000000000000000e+00
7.124999999999999112e-01 0.000000000000000000e+00
7.374999999999999334e-01 0.000000000000000000e+00
7.624999999999998446e-01 0.000000000000000000e+00
7.874999999999998668e-01 0.000000000000000000e+00
8.124999999999998890e-01 0.000000000000000000e+00
8.374999999999999112e-01 0.000000000000000000e+00
8.624999999999999334e-01 1.810130961645820991e+00
8.874999999999998446e-01 3.419189454661320404e+00
9.124999999999998668e-01 4.447320134126186986e+00
9.374999999999998890e-01 4.213306133231183637e+00
9.624999999999999112e-01 4.360677533643279702e+00
9.874999999999998224e-01 3.797466049156683621e+00
1.012499999999999956e+00 5.582585871196565463e+00
1.037499999999999867e+00 4.691294027509147035e+00
1.062499999999999778e+00 5.367761485175799763e+00
1.087499999999999911e+00 3.131220464347793442e+00
1.112499999999999822e+00 2.176057116322930529e+00
1.137499999999999956e+00 2.601826462742419799e-01
1.162499999999999867e+00 0.000000000000000000e+00
1.187499999999999778e+00 2.387345864986435140e-01
1.212499999999999911e+00 0.000000000000000000e+00
1.237499999999999822e+00 0.000000000000000000e+00
1.262499999999999956e+00 0.000000000000000000e+00
1.287499999999999867e+00 0.000000000000000000e+00
1.312499999999999778e+00 0.000000000000000000e+00
1.337499999999999911e+00 5.645724057328479484e-01
1.362499999999999822e+00 1.813482679844365397e-01
1.387499999999999734e+00 1.748722449961385705e-01
1.412499999999999867e+00 1.687370174385839916e-01
1.437499999999999778e+00 1.629190861991451911e-01
1.462499999999999911e+00 6.295877728681479324e-01
1.487499999999999822e+00 6.086034896937433381e-01
1.512499999999999734e+00 1.618790508706174469e+00
1.537499999999999867e+00 9.969120394875483626e-01
1.562499999999999778e+00 9.652667388058069342e-01
1.587499999999999911e+00 0.000000000000000000e+00
1.612499999999999822e+00 7.768581440634522162e-01
1.637499999999999734e+00 1.004425089587021036e+00
1.662499999999999867e+00 8.526389471670471343e-01
1.687499999999999778e+00 1.182233093868840346e+00
1.712499999999999911e+00 8.035775315809625674e-01
1.737499999999999822e+00 7.806197579232119210e-01
1.762499999999999734e+00 1.083759919528751503e+00
1.787499999999999867e+00 9.482916961650810217e-01
1.812499999999999778e+00 8.198335549543130929e-01
1.837499999999999911e+00 7.976772584731611770e-01
1.862499999999999822e+00 4.852544639989547770e-01
1.887499999999999734e+00 2.834912138487784561e-01
1.912499999999999867e+00 3.681709667959955357e-01
1.937499999999999778e+00 1.165876430885240289e+00
1.962499999999999689e+00 1.048949693953145745e+00
1.987499999999999822e+00 5.965909452067537089e-01
2.012499999999999734e+00 9.974761067903865630e-01
2.037500000000000089e+00 6.487657614329569444e-01
2.062500000000000000e+00 6.331336171249599687e-01
2.087499999999999911e+00 6.180597278804128569e-01
2.112499999999999822e+00 5.280780968239203732e-01
2.137500000000000178e+00 5.157977708296593855e-01
2.162500000000000089e+00 1.223856420553231628e+00
2.187500000000000000e+00 4.221327221932138496e-01
2.212499999999999911e+00 4.814214968747176360e-01
2.237499999999999822e+00 4.707236865742266962e-01
2.262500000000000178e+00 6.576836172761882926e-01
2.287500000000000089e+00 6.433867165701819824e-01
2.312500000000000000e+00 7.554611785465661367e-01
2.337499999999999911e+00 8.626195075353814135e-01
2.362499999999999822e+00 6.635041086970471236e-01
2.387500000000000178e+00 5.315576822515203359e-01
2.412500000000000089e+00 6.941308297996127141e-01
2.437500000000000000e+00 6.799653912167978875e-01
2.462499999999999911e+00 4.996718914379327803e-01
2.487499999999999822e+00 6.529050534363100011e-01
2.512500000000000178e+00 6.933080561077622495e-01
2.537500000000000089e+00 7.319999295994559230e-01
2.562500000000000000e+00 5.639753347537207473e-01
2.587499999999999911e+00 7.542681718934515223e-01
2.612499999999999822e+00 8.878819171627178042e-01
2.637500000000000178e+00 6.291493937923725577e-01
2.662500000000000089e+00 7.123730049707563960e-01
2.687500000000000000e+00 7.924054651751811784e-01
2.712499999999999911e+00 9.608936981112755626e-01
2.737499999999999822e+00 8.535735426920870728e-01
2.762499999999999734e+00 8.823097463947561225e-01
2.787500000000000089e+00 9.532101014077596357e-01
2.812500000000000000e+00 9.363395704971152478e-01
2.837499999999999911e+00 5.853991726170371113e-01
2.862499999999999822e+00 9.450019467649997118e-01
2.887499999999999734e+00 6.460585856462673915e-01
2.912500000000000089e+00 9.922111255798090612e-01
2.937500000000000000e+00 9.363786181275201015e-01
2.962499999999999911e+00 5.754009599577387668e-01
2.987499999999999822e+00 1.018460102057647587e+00
3.012499999999999734e+00 1.150015539043851120e+00
3.037500000000000089e+00 1.094674113854624098e+00
3.062500000000000000e+00 1.148666592156609489e+00
3.087499999999999911e+00 8.122882087596268175e-01
3.112499999999999822e+00 1.216313725733347617e+00
3.137499999999999734e+00 9.234058375960632059e-01
3.162500000000000089e+00 8.752026749482905155e-01
3.187500000000000000e+00 1.159749114403126447e+00
3.212499999999999911e+00 1.141768870951531900e+00
3.237499999999999822e+00 1.027843241285179676e+00
3.262499999999999734e+00 7.907431915647212817e-01
3.287500000000000089e+00 1.027966453887218856e+00
3.312500000000000000e+00 1.135236921003723198e+00
3.337499999999999911e+00 1.088069257230357190e+00
3.362499999999999822e+00 9.528444530651387634e-01
3.387499999999999734e+00 1.173540361292882972e+00
3.412500000000000089e+00 1.127498474414783125e+00
3.437500000000000000e+00 1.367579329121599629e+00
3.462499999999999911e+00 1.123251892198947832e+00
3.487499999999999822e+00 1.217926282598958077e+00
3.512499999999999734e+00 9.004882681533241673e-01
3.537500000000000089e+00 9.954183393934254998e-01
3.562500000000000000e+00 1.140658249288406534e+00
3.587499999999999911e+00 1.674144788911686055e+00
3.612499999999999822e+00 1.031908440803511517e+00
3.637499999999999734e+00 1.221327517570940158e+00
3.662500000000000089e+00 1.229809222117143275e+00
3.687500000000000000e+00 1.015118525737829014e+00
3.712499999999999911e+00 1.001492979675347783e+00
3.737499999999999822e+00 1.036341887345465951e+00
3.762499999999999734e+00 1.093960988601038853e+00
3.787499999999999645e+00 9.856915850587661954e-01
3.812500000000000000e+00 1.088617259132820703e+00
3.837499999999999911e+00 1.028757037650769535e+00
3.862499999999999822e+00 1.196013238866851180e+00
3.887499999999999734e+00 1.113849006775013972e+00
3.912499999999999645e+00 1.165639642997040371e+00
3.937500000000000000e+00 1.042310861049569493e+00
3.962499999999999911e+00 1.200733574329900799e+00
3.987499999999999822e+00 1.185724601309239956e+00
4.012499999999999289e+00 1.296459075226482849e+00
4.037499999999999645e+00 1.280453612184196066e+00
4.062500000000000000e+00 1.019953809066820760e+00
4.087499999999999467e+00 1.088116743325829860e+00
4.112499999999999822e+00 8.957730099459043638e-01
4.137500000000000178e+00 8.456482200338232280e-01
4.162499999999999645e+00 7.383672347007043113e-01
4.187500000000000000e+00 9.023718655613922612e-01
4.212499999999999467e+00 8.727208417345869718e-01
4.237499999999999822e+00 1.181186530015728264e+00
4.262500000000000178e+00 8.338368866360746923e-01
4.287499999999999645e+00 1.043912210439256194e+00
4.312500000000000000e+00 1.212869258898635838e+00
4.337499999999999467e+00 9.841949448050684168e-01
4.362499999999999822e+00 1.167536550849062271e+00
4.387500000000000178e+00 1.101802450282850288e+00
4.412499999999999645e+00 1.054770208508367890e+00
4.437500000000000000e+00 9.232397556523199711e-01
4.462499999999999467e+00 9.636423542168842671e-01
4.487499999999999822e+00 1.136835127803684120e+00
4.512500000000000178e+00 1.405341927755892950e+00
4.537499999999999645e+00 9.484015110095302958e-01
4.562500000000000000e+00 1.277670501753764842e+00
4.587499999999999467e+00 1.071815891113603758e+00
4.612499999999999822e+00 9.336343214867407481e-01
4.637500000000000178e+00 1.017520289841263414e+00
4.662499999999999645e+00 1.146018445999291924e+00
4.687500000000000000e+00 7.660992405395332661e-01
4.712499999999999467e+00 9.399106334378611871e-01
4.737499999999999822e+00 1.035018840488259428e+00
4.762500000000000178e+00 9.351218249909037938e-01
4.787499999999999645e+00 1.042889767369226561e+00
4.812500000000000000e+00 9.739372115663644802e-01
4.837499999999999467e+00 8.631910846061727760e-01
4.862499999999999822e+00 8.685768860664395685e-01
4.887500000000000178e+00 8.879012760100261081e-01
4.912499999999999645e+00 1.088145967598640018e+00
4.937500000000000000e+00 1.049535337139313684e+00
4.962499999999999467e+00 7.792404993996095985e-01
4.987499999999999822e+00 8.932557638262000888e-01
